1	1 + 0
2	1 + 1
2	2 + 0
3	1 + 2
3	2 + 1
3	3 + 0
4	1 + 3
4	2 + 2
4	3 + 1
4	4 + 0
5	1 + 4
5	2 + 3
5	3 + 2
5	4 + 1
5	5 + 0
6	1 + 5
6	2 + 4
6	3 + 3
6	4 + 2
6	5 + 1
6	6 + 0
7	1 + 6
7	2 + 5
7	3 + 4
7	4 + 3
7	5 + 2
7	6 + 1
7	7 + 0
8	1 + 7
8	2 + 6
8	3 + 5
8	4 + 4
8	5 + 3
8	6 + 2
8	7 + 1
8	8 + 0
9	1 + 8
9	2 + 7
9	3 + 6
9	4 + 5
9	5 + 4
9	6 + 3
9	7 + 2
9	8 + 1
9	9 + 0
10	1 + 9
10	2 + 8
10	3 + 7
10	4 + 6
10	5 + 5
10	6 + 4
10	7 + 3
10	8 + 2
10	9 + 1
10	10 + 0
11	1 + 10
11	2 + 9
11	3 + 8
11	4 + 7
11	5 + 6
11	6 + 5
11	7 + 4
11	8 + 3
11	9 + 2
11	10 + 1
11	11 + 0
12	1 + 11
12	2 + 10
12	3 + 9
12	4 + 8
12	5 + 7
12	6 + 6
12	7 + 5
12	8 + 4
12	9 + 3
12	10 + 2
12	11 + 1
12	12 + 0
13	1 + 12
13	2 + 11
13	3 + 10
13	4 + 9
13	5 + 8
13	6 + 7
13	7 + 6
13	8 + 5
13	9 + 4
13	10 + 3
13	11 + 2
13	12 + 1
13	13 + 0
14	1 + 13
14	2 + 12
14	3 + 11
14	4 + 10
14	5 + 9
14	6 + 8
14	7 + 7
14	8 + 6
14	9 + 5
14	10 + 4
14	11 + 3
14	12 + 2
14	13 + 1
14	14 + 0
15	1 + 14
15	2 + 13
15	3 + 12
15	4 + 11
15	5 + 10
15	6 + 9
15	7 + 8
15	8 + 7
15	9 + 6
15	10 + 5
15	11 + 4
15	12 + 3
15	13 + 2
15	14 + 1
15	15 + 0
16	1 + 15
16	2 + 14
16	3 + 13
16	4 + 12
16	5 + 11
16	6 + 10
16	7 + 9
16	8 + 8
16	9 + 7
16	10 + 6
16	11 + 5
16	12 + 4
16	13 + 3
16	14 + 2
16	15 + 1
16	16 + 0
17	1 + 16
17	2 + 15
17	3 + 14
17	4 + 13
17	5 + 12
17	6 + 11
17	7 + 10
17	8 + 9
17	9 + 8
17	10 + 7
17	11 + 6
17	12 + 5
17	13 + 4
17	14 + 3
17	15 + 2
17	16 + 1
17	17 + 0
18	1 + 17
18	2 + 16
18	3 + 15
18	4 + 14
18	5 + 13
18	6 + 12
18	7 + 11
18	8 + 10
18	9 + 9
18	10 + 8
18	11 + 7
18	12 + 6
18	13 + 5
18	14 + 4
18	15 + 3
18	16 + 2
18	17 + 1
18	18 + 0
19	1 + 18
19	2 + 17
19	3 + 16
19	4 + 15
19	5 + 14
19	6 + 13
19	7 + 12
19	8 + 11
19	9 + 10
19	10 + 9
19	11 + 8
19	12 + 7
19	13 + 6
19	14 + 5
19	15 + 4
19	16 + 3
19	17 + 2
19	18 + 1
19	19 + 0
20	1 + 19
20	2 + 18
20	3 + 17
20	4 + 16
20	5 + 15
20	6 + 14
20	7 + 13
20	8 + 12
20	9 + 11
20	10 + 10
20	11 + 9
20	12 + 8
20	13 + 7
20	14 + 6
20	15 + 5
20	16 + 4
20	17 + 3
20	18 + 2
20	19 + 1
20	20 + 0
21	1 + 20
21	2 + 19
21	3 + 18
21	4 + 17
21	5 + 16
21	6 + 15
21	7 + 14
21	8 + 13
21	9 + 12
21	10 + 11
21	11 + 10
21	12 + 9
21	13 + 8
21	14 + 7
21	15 + 6
21	16 + 5
21	17 + 4
21	18 + 3
21	19 + 2
21	20 + 1
21	21 + 0
22	1 + 21
22	2 + 20
22	3 + 19
22	4 + 18
22	5 + 17
22	6 + 16
22	7 + 15
22	8 + 14
22	9 + 13
22	10 + 12
22	11 + 11
22	12 + 10
22	13 + 9
22	14 + 8
22	15 + 7
22	16 + 6
22	17 + 5
22	18 + 4
22	19 + 3
22	20 + 2
22	21 + 1
22	22 + 0
23	1 + 22
23	2 + 21
23	3 + 20
23	4 + 19
23	5 + 18
23	6 + 17
23	7 + 16
23	8 + 15
23	9 + 14
23	10 + 13
23	11 + 12
23	12 + 11
23	13 + 10
23	14 + 9
23	15 + 8
23	16 + 7
23	17 + 6
23	18 + 5
23	19 + 4
23	20 + 3
23	21 + 2
23	22 + 1
23	23 + 0
24	1 + 23
24	2 + 22
24	3 + 21
24	4 + 20
24	5 + 19
24	6 + 18
24	7 + 17
24	8 + 16
24	9 + 15
24	10 + 14
24	11 + 13
24	12 + 12
24	13 + 11
24	14 + 10
24	15 + 9
24	16 + 8
24	17 + 7
24	18 + 6
24	19 + 5
24	20 + 4
24	21 + 3
24	22 + 2
24	23 + 1
24	24 + 0
25	1 + 24
25	2 + 23
25	3 + 22
25	4 + 21
25	5 + 20
25	6 + 19
25	7 + 18
25	8 + 17
25	9 + 16
25	10 + 15
25	11 + 14
25	12 + 13
25	13 + 12
25	14 + 11
25	15 + 10
25	16 + 9
25	17 + 8
25	18 + 7
25	19 + 6
25	20 + 5
25	21 + 4
25	22 + 3
25	23 + 2
25	24 + 1
25	25 + 0
26	1 + 25
26	2 + 24
26	3 + 23
26	4 + 22
26	5 + 21
26	6 + 20
26	7 + 19
26	8 + 18
26	9 + 17
26	10 + 16
26	11 + 15
26	12 + 14
26	13 + 13
26	14 + 12
26	15 + 11
26	16 + 10
26	17 + 9
26	18 + 8
26	19 + 7
26	20 + 6
26	21 + 5
26	22 + 4
26	23 + 3
26	24 + 2
26	25 + 1
26	26 + 0
27	1 + 26
27	2 + 25
27	3 + 24
27	4 + 23
27	5 + 22
27	6 + 21
27	7 + 20
27	8 + 19
27	9 + 18
27	10 + 17
27	11 + 16
27	12 + 15
27	13 + 14
27	14 + 13
27	15 + 12
27	16 + 11
27	17 + 10
27	18 + 9
27	19 + 8
27	20 + 7
27	21 + 6
27	22 + 5
27	23 + 4
27	24 + 3
27	25 + 2
27	26 + 1
27	27 + 0
28	1 + 27
28	2 + 26
28	3 + 25
28	4 + 24
28	5 + 23
28	6 + 22
28	7 + 21
28	8 + 20
28	9 + 19
28	10 + 18
28	11 + 17
28	12 + 16
28	13 + 15
28	14 + 14
28	15 + 13
28	16 + 12
28	17 + 11
28	18 + 10
28	19 + 9
28	20 + 8
28	21 + 7
28	22 + 6
28	23 + 5
28	24 + 4
28	25 + 3
28	26 + 2
28	27 + 1
28	28 + 0
29	1 + 28
29	2 + 27
29	3 + 26
29	4 + 25
29	5 + 24
29	6 + 23
29	7 + 22
29	8 + 21
29	9 + 20
29	10 + 19
29	11 + 18
29	12 + 17
29	13 + 16
29	14 + 15
29	15 + 14
29	16 + 13
29	17 + 12
29	18 + 11
29	19 + 10
29	20 + 9
29	21 + 8
29	22 + 7
29	23 + 6
29	24 + 5
29	25 + 4
29	26 + 3
29	27 + 2
29	28 + 1
29	29 + 0
30	1 + 29
30	2 + 28
30	3 + 27
30	4 + 26
30	5 + 25
30	6 + 24
30	7 + 23
30	8 + 22
30	9 + 21
30	10 + 20
30	11 + 19
30	12 + 18
30	13 + 17
30	14 + 16
30	15 + 15
30	16 + 14
30	17 + 13
30	18 + 12
30	19 + 11
30	20 + 10
30	21 + 9
30	22 + 8
30	23 + 7
30	24 + 6
30	25 + 5
30	26 + 4
30	27 + 3
30	28 + 2
30	29 + 1
30	30 + 0
31	1 + 30
31	2 + 29
31	3 + 28
31	4 + 27
31	5 + 26
31	6 + 25
31	7 + 24
31	8 + 23
31	9 + 22
31	10 + 21
31	11 + 20
31	12 + 19
31	13 + 18
31	14 + 17
31	15 + 16
31	16 + 15
31	17 + 14
31	18 + 13
31	19 + 12
31	20 + 11
31	21 + 10
31	22 + 9
31	23 + 8
31	24 + 7
31	25 + 6
31	26 + 5
31	27 + 4
31	28 + 3
31	29 + 2
31	30 + 1
31	31 + 0
32	1 + 31
32	2 + 30
32	3 + 29
32	4 + 28
32	5 + 27
32	6 + 26
32	7 + 25
32	8 + 24
32	9 + 23
32	10 + 22
32	11 + 21
32	12 + 20
32	13 + 19
32	14 + 18
32	15 + 17
32	16 + 16
32	17 + 15
32	18 + 14
32	19 + 13
32	20 + 12
32	21 + 11
32	22 + 10
32	23 + 9
32	24 + 8
32	25 + 7
32	26 + 6
32	27 + 5
32	28 + 4
32	29 + 3
32	30 + 2
32	31 + 1
32	32 + 0
33	1 + 32
33	2 + 31
33	3 + 30
33	4 + 29
33	5 + 28
33	6 + 27
33	7 + 26
33	8 + 25
33	9 + 24
33	10 + 23
33	11 + 22
33	12 + 21
33	13 + 20
33	14 + 19
33	15 + 18
33	16 + 17
33	17 + 16
33	18 + 15
33	19 + 14
33	20 + 13
33	21 + 12
33	22 + 11
33	23 + 10
33	24 + 9
33	25 + 8
33	26 + 7
33	27 + 6
33	28 + 5
33	29 + 4
33	30 + 3
33	31 + 2
33	32 + 1
33	33 + 0
34	1 + 33
34	2 + 32
34	3 + 31
34	4 + 30
34	5 + 29
34	6 + 28
34	7 + 27
34	8 + 26
34	9 + 25
34	10 + 24
34	11 + 23
34	12 + 22
34	13 + 21
34	14 + 20
34	15 + 19
34	16 + 18
34	17 + 17
34	18 + 16
34	19 + 15
34	20 + 14
34	21 + 13
34	22 + 12
34	23 + 11
34	24 + 10
34	25 + 9
34	26 + 8
34	27 + 7
34	28 + 6
34	29 + 5
34	30 + 4
34	31 + 3
34	32 + 2
34	33 + 1
34	34 + 0
35	1 + 34
35	2 + 33
35	3 + 32
35	4 + 31
35	5 + 30
35	6 + 29
35	7 + 28
35	8 + 27
35	9 + 26
35	10 + 25
35	11 + 24
35	12 + 23
35	13 + 22
35	14 + 21
35	15 + 20
35	16 + 19
35	17 + 18
35	18 + 17
35	19 + 16
35	20 + 15
35	21 + 14
35	22 + 13
35	23 + 12
35	24 + 11
35	25 + 10
35	26 + 9
35	27 + 8
35	28 + 7
35	29 + 6
35	30 + 5
35	31 + 4
35	32 + 3
35	33 + 2
35	34 + 1
35	35 + 0
36	1 + 35
36	2 + 34
36	3 + 33
36	4 + 32
36	5 + 31
36	6 + 30
36	7 + 29
36	8 + 28
36	9 + 27
36	10 + 26
36	11 + 25
36	12 + 24
36	13 + 23
36	14 + 22
36	15 + 21
36	16 + 20
36	17 + 19
36	18 + 18
36	19 + 17
36	20 + 16
36	21 + 15
36	22 + 14
36	23 + 13
36	24 + 12
36	25 + 11
36	26 + 10
36	27 + 9
36	28 + 8
36	29 + 7
36	30 + 6
36	31 + 5
36	32 + 4
36	33 + 3
36	34 + 2
36	35 + 1
36	36 + 0
37	1 + 36
37	2 + 35
37	3 + 34
37	4 + 33
37	5 + 32
37	6 + 31
37	7 + 30
37	8 + 29
37	9 + 28
37	10 + 27
37	11 + 26
37	12 + 25
37	13 + 24
37	14 + 23
37	15 + 22
37	16 + 21
37	17 + 20
37	18 + 19
37	19 + 18
37	20 + 17
37	21 + 16
37	22 + 15
37	23 + 14
37	24 + 13
37	25 + 12
37	26 + 11
37	27 + 10
37	28 + 9
37	29 + 8
37	30 + 7
37	31 + 6
37	32 + 5
37	33 + 4
37	34 + 3
37	35 + 2
37	36 + 1
37	37 + 0
38	1 + 37
38	2 + 36
38	3 + 35
38	4 + 34
38	5 + 33
38	6 + 32
38	7 + 31
38	8 + 30
38	9 + 29
38	10 + 28
38	11 + 27
38	12 + 26
38	13 + 25
38	14 + 24
38	15 + 23
38	16 + 22
38	17 + 21
38	18 + 20
38	19 + 19
38	20 + 18
38	21 + 17
38	22 + 16
38	23 + 15
38	24 + 14
38	25 + 13
38	26 + 12
38	27 + 11
38	28 + 10
38	29 + 9
38	30 + 8
38	31 + 7
38	32 + 6
38	33 + 5
38	34 + 4
38	35 + 3
38	36 + 2
38	37 + 1
38	38 + 0
39	1 + 38
39	2 + 37
39	3 + 36
39	4 + 35
39	5 + 34
39	6 + 33
39	7 + 32
39	8 + 31
39	9 + 30
39	10 + 29
39	11 + 28
39	12 + 27
39	13 + 26
39	14 + 25
39	15 + 24
39	16 + 23
39	17 + 22
39	18 + 21
39	19 + 20
39	20 + 19
39	21 + 18
39	22 + 17
39	23 + 16
39	24 + 15
39	25 + 14
39	26 + 13
39	27 + 12
39	28 + 11
39	29 + 10
39	30 + 9
39	31 + 8
39	32 + 7
39	33 + 6
39	34 + 5
39	35 + 4
39	36 + 3
39	37 + 2
39	38 + 1
39	39 + 0
40	1 + 39
40	2 + 38
40	3 + 37
40	4 + 36
40	5 + 35
40	6 + 34
40	7 + 33
40	8 + 32
40	9 + 31
40	10 + 30
40	11 + 29
40	12 + 28
40	13 + 27
40	14 + 26
40	15 + 25
40	16 + 24
40	17 + 23
40	18 + 22
40	19 + 21
40	20 + 20
40	21 + 19
40	22 + 18
40	23 + 17
40	24 + 16
40	25 + 15
40	26 + 14
40	27 + 13
40	28 + 12
40	29 + 11
40	30 + 10
40	31 + 9
40	32 + 8
40	33 + 7
40	34 + 6
40	35 + 5
40	36 + 4
40	37 + 3
40	38 + 2
40	39 + 1
40	40 + 0
41	1 + 40
41	2 + 39
41	3 + 38
41	4 + 37
41	5 + 36
41	6 + 35
41	7 + 34
41	8 + 33
41	9 + 32
41	10 + 31
41	11 + 30
41	12 + 29
41	13 + 28
41	14 + 27
41	15 + 26
41	16 + 25
41	17 + 24
41	18 + 23
41	19 + 22
41	20 + 21
41	21 + 20
41	22 + 19
41	23 + 18
41	24 + 17
41	25 + 16
41	26 + 15
41	27 + 14
41	28 + 13
41	29 + 12
41	30 + 11
41	31 + 10
41	32 + 9
41	33 + 8
41	34 + 7
41	35 + 6
41	36 + 5
41	37 + 4
41	38 + 3
41	39 + 2
41	40 + 1
41	41 + 0
42	1 + 41
42	2 + 40
42	3 + 39
42	4 + 38
42	5 + 37
42	6 + 36
42	7 + 35
42	8 + 34
42	9 + 33
42	10 + 32
42	11 + 31
42	12 + 30
42	13 + 29
42	14 + 28
42	15 + 27
42	16 + 26
42	17 + 25
42	18 + 24
42	19 + 23
42	20 + 22
42	21 + 21
42	22 + 20
42	23 + 19
42	24 + 18
42	25 + 17
42	26 + 16
42	27 + 15
42	28 + 14
42	29 + 13
42	30 + 12
42	31 + 11
42	32 + 10
42	33 + 9
42	34 + 8
42	35 + 7
42	36 + 6
42	37 + 5
42	38 + 4
42	39 + 3
42	40 + 2
42	41 + 1
42	42 + 0
43	1 + 42
43	2 + 41
43	3 + 40
43	4 + 39
43	5 + 38
43	6 + 37
43	7 + 36
43	8 + 35
43	9 + 34
43	10 + 33
43	11 + 32
43	12 + 31
43	13 + 30
43	14 + 29
43	15 + 28
43	16 + 27
43	17 + 26
43	18 + 25
43	19 + 24
43	20 + 23
43	21 + 22
43	22 + 21
43	23 + 20
43	24 + 19
43	25 + 18
43	26 + 17
43	27 + 16
43	28 + 15
43	29 + 14
43	30 + 13
43	31 + 12
43	32 + 11
43	33 + 10
43	34 + 9
43	35 + 8
43	36 + 7
43	37 + 6
43	38 + 5
43	39 + 4
43	40 + 3
43	41 + 2
43	42 + 1
43	43 + 0
44	1 + 43
44	2 + 42
44	3 + 41
44	4 + 40
44	5 + 39
44	6 + 38
44	7 + 37
44	8 + 36
44	9 + 35
44	10 + 34
44	11 + 33
44	12 + 32
44	13 + 31
44	14 + 30
44	15 + 29
44	16 + 28
44	17 + 27
44	18 + 26
44	19 + 25
44	20 + 24
44	21 + 23
44	22 + 22
44	23 + 21
44	24 + 20
44	25 + 19
44	26 + 18
44	27 + 17
44	28 + 16
44	29 + 15
44	30 + 14
44	31 + 13
44	32 + 12
44	33 + 11
44	34 + 10
44	35 + 9
44	36 + 8
44	37 + 7
44	38 + 6
44	39 + 5
44	40 + 4
44	41 + 3
44	42 + 2
44	43 + 1
44	44 + 0
45	1 + 44
45	2 + 43
45	3 + 42
45	4 + 41
45	5 + 40
45	6 + 39
45	7 + 38
45	8 + 37
45	9 + 36
45	10 + 35
45	11 + 34
45	12 + 33
45	13 + 32
45	14 + 31
45	15 + 30
45	16 + 29
45	17 + 28
45	18 + 27
45	19 + 26
45	20 + 25
45	21 + 24
45	22 + 23
45	23 + 22
45	24 + 21
45	25 + 20
45	26 + 19
45	27 + 18
45	28 + 17
45	29 + 16
45	30 + 15
45	31 + 14
45	32 + 13
45	33 + 12
45	34 + 11
45	35 + 10
45	36 + 9
45	37 + 8
45	38 + 7
45	39 + 6
45	40 + 5
45	41 + 4
45	42 + 3
45	43 + 2
45	44 + 1
45	45 + 0
46	1 + 45
46	2 + 44
46	3 + 43
46	4 + 42
46	5 + 41
46	6 + 40
46	7 + 39
46	8 + 38
46	9 + 37
46	10 + 36
46	11 + 35
46	12 + 34
46	13 + 33
46	14 + 32
46	15 + 31
46	16 + 30
46	17 + 29
46	18 + 28
46	19 + 27
46	20 + 26
46	21 + 25
46	22 + 24
46	23 + 23
46	24 + 22
46	25 + 21
46	26 + 20
46	27 + 19
46	28 + 18
46	29 + 17
46	30 + 16
46	31 + 15
46	32 + 14
46	33 + 13
46	34 + 12
46	35 + 11
46	36 + 10
46	37 + 9
46	38 + 8
46	39 + 7
46	40 + 6
46	41 + 5
46	42 + 4
46	43 + 3
46	44 + 2
46	45 + 1
46	46 + 0
47	1 + 46
47	2 + 45
47	3 + 44
47	4 + 43
47	5 + 42
47	6 + 41
47	7 + 40
47	8 + 39
47	9 + 38
47	10 + 37
47	11 + 36
47	12 + 35
47	13 + 34
47	14 + 33
47	15 + 32
47	16 + 31
47	17 + 30
47	18 + 29
47	19 + 28
47	20 + 27
47	21 + 26
47	22 + 25
47	23 + 24
47	24 + 23
47	25 + 22
47	26 + 21
47	27 + 20
47	28 + 19
47	29 + 18
47	30 + 17
47	31 + 16
47	32 + 15
47	33 + 14
47	34 + 13
47	35 + 12
47	36 + 11
47	37 + 10
47	38 + 9
47	39 + 8
47	40 + 7
47	41 + 6
47	42 + 5
47	43 + 4
47	44 + 3
47	45 + 2
47	46 + 1
47	47 + 0
48	1 + 47
48	2 + 46
48	3 + 45
48	4 + 44
48	5 + 43
48	6 + 42
48	7 + 41
48	8 + 40
48	9 + 39
48	10 + 38
48	11 + 37
48	12 + 36
48	13 + 35
48	14 + 34
48	15 + 33
48	16 + 32
48	17 + 31
48	18 + 30
48	19 + 29
48	20 + 28
48	21 + 27
48	22 + 26
48	23 + 25
48	24 + 24
48	25 + 23
48	26 + 22
48	27 + 21
48	28 + 20
48	29 + 19
48	30 + 18
48	31 + 17
48	32 + 16
48	33 + 15
48	34 + 14
48	35 + 13
48	36 + 12
48	37 + 11
48	38 + 10
48	39 + 9
48	40 + 8
48	41 + 7
48	42 + 6
48	43 + 5
48	44 + 4
48	45 + 3
48	46 + 2
48	47 + 1
48	48 + 0
49	1 + 48
49	2 + 47
49	3 + 46
49	4 + 45
49	5 + 44
49	6 + 43
49	7 + 42
49	8 + 41
49	9 + 40
49	10 + 39
49	11 + 38
49	12 + 37
49	13 + 36
49	14 + 35
49	15 + 34
49	16 + 33
49	17 + 32
49	18 + 31
49	19 + 30
49	20 + 29
49	21 + 28
49	22 + 27
49	23 + 26
49	24 + 25
49	25 + 24
49	26 + 23
49	27 + 22
49	28 + 21
49	29 + 20
49	30 + 19
49	31 + 18
49	32 + 17
49	33 + 16
49	34 + 15
49	35 + 14
49	36 + 13
49	37 + 12
49	38 + 11
49	39 + 10
49	40 + 9
49	41 + 8
49	42 + 7
49	43 + 6
49	44 + 5
49	45 + 4
49	46 + 3
49	47 + 2
49	48 + 1
49	49 + 0
50	1 + 49
50	2 + 48
50	3 + 47
50	4 + 46
50	5 + 45
50	6 + 44
50	7 + 43
50	8 + 42
50	9 + 41
50	10 + 40
50	11 + 39
50	12 + 38
50	13 + 37
50	14 + 36
50	15 + 35
50	16 + 34
50	17 + 33
50	18 + 32
50	19 + 31
50	20 + 30
50	21 + 29
50	22 + 28
50	23 + 27
50	24 + 26
50	25 + 25
50	26 + 24
50	27 + 23
50	28 + 22
50	29 + 21
50	30 + 20
50	31 + 19
50	32 + 18
50	33 + 17
50	34 + 16
50	35 + 15
50	36 + 14
50	37 + 13
50	38 + 12
50	39 + 11
50	40 + 10
50	41 + 9
50	42 + 8
50	43 + 7
50	44 + 6
50	45 + 5
50	46 + 4
50	47 + 3
50	48 + 2
50	49 + 1
50	50 + 0
51	1 + 50
51	2 + 49
51	3 + 48
51	4 + 47
51	5 + 46
51	6 + 45
51	7 + 44
51	8 + 43
51	9 + 42
51	10 + 41
51	11 + 40
51	12 + 39
51	13 + 38
51	14 + 37
51	15 + 36
51	16 + 35
51	17 + 34
51	18 + 33
51	19 + 32
51	20 + 31
51	21 + 30
51	22 + 29
51	23 + 28
51	24 + 27
51	25 + 26
51	26 + 25
51	27 + 24
51	28 + 23
51	29 + 22
51	30 + 21
51	31 + 20
51	32 + 19
51	33 + 18
51	34 + 17
51	35 + 16
51	36 + 15
51	37 + 14
51	38 + 13
51	39 + 12
51	40 + 11
51	41 + 10
51	42 + 9
51	43 + 8
51	44 + 7
51	45 + 6
51	46 + 5
51	47 + 4
51	48 + 3
51	49 + 2
51	50 + 1
51	51 + 0
52	1 + 51
52	2 + 50
52	3 + 49
52	4 + 48
52	5 + 47
52	6 + 46
52	7 + 45
52	8 + 44
52	9 + 43
52	10 + 42
52	11 + 41
52	12 + 40
52	13 + 39
52	14 + 38
52	15 + 37
52	16 + 36
52	17 + 35
52	18 + 34
52	19 + 33
52	20 + 32
52	21 + 31
52	22 + 30
52	23 + 29
52	24 + 28
52	25 + 27
52	26 + 26
52	27 + 25
52	28 + 24
52	29 + 23
52	30 + 22
52	31 + 21
52	32 + 20
52	33 + 19
52	34 + 18
52	35 + 17
52	36 + 16
52	37 + 15
52	38 + 14
52	39 + 13
52	40 + 12
52	41 + 11
52	42 + 10
52	43 + 9
52	44 + 8
52	45 + 7
52	46 + 6
52	47 + 5
52	48 + 4
52	49 + 3
52	50 + 2
52	51 + 1
52	52 + 0
53	1 + 52
53	2 + 51
53	3 + 50
53	4 + 49
53	5 + 48
53	6 + 47
53	7 + 46
53	8 + 45
53	9 + 44
53	10 + 43
53	11 + 42
53	12 + 41
53	13 + 40
53	14 + 39
53	15 + 38
53	16 + 37
53	17 + 36
53	18 + 35
53	19 + 34
53	20 + 33
53	21 + 32
53	22 + 31
53	23 + 30
53	24 + 29
53	25 + 28
53	26 + 27
53	27 + 26
53	28 + 25
53	29 + 24
53	30 + 23
53	31 + 22
53	32 + 21
53	33 + 20
53	34 + 19
53	35 + 18
53	36 + 17
53	37 + 16
53	38 + 15
53	39 + 14
53	40 + 13
53	41 + 12
53	42 + 11
53	43 + 10
53	44 + 9
53	45 + 8
53	46 + 7
53	47 + 6
53	48 + 5
53	49 + 4
53	50 + 3
53	51 + 2
53	52 + 1
53	53 + 0
54	1 + 53
54	2 + 52
54	3 + 51
54	4 + 50
54	5 + 49
54	6 + 48
54	7 + 47
54	8 + 46
54	9 + 45
54	10 + 44
54	11 + 43
54	12 + 42
54	13 + 41
54	14 + 40
54	15 + 39
54	16 + 38
54	17 + 37
54	18 + 36
54	19 + 35
54	20 + 34
54	21 + 33
54	22 + 32
54	23 + 31
54	24 + 30
54	25 + 29
54	26 + 28
54	27 + 27
54	28 + 26
54	29 + 25
54	30 + 24
54	31 + 23
54	32 + 22
54	33 + 21
54	34 + 20
54	35 + 19
54	36 + 18
54	37 + 17
54	38 + 16
54	39 + 15
54	40 + 14
54	41 + 13
54	42 + 12
54	43 + 11
54	44 + 10
54	45 + 9
54	46 + 8
54	47 + 7
54	48 + 6
54	49 + 5
54	50 + 4
54	51 + 3
54	52 + 2
54	53 + 1
54	54 + 0
55	1 + 54
55	2 + 53
55	3 + 52
55	4 + 51
55	5 + 50
55	6 + 49
55	7 + 48
55	8 + 47
55	9 + 46
55	10 + 45
55	11 + 44
55	12 + 43
55	13 + 42
55	14 + 41
55	15 + 40
55	16 + 39
55	17 + 38
55	18 + 37
55	19 + 36
55	20 + 35
55	21 + 34
55	22 + 33
55	23 + 32
55	24 + 31
55	25 + 30
55	26 + 29
55	27 + 28
55	28 + 27
55	29 + 26
55	30 + 25
55	31 + 24
55	32 + 23
55	33 + 22
55	34 + 21
55	35 + 20
55	36 + 19
55	37 + 18
55	38 + 17
55	39 + 16
55	40 + 15
55	41 + 14
55	42 + 13
55	43 + 12
55	44 + 11
55	45 + 10
55	46 + 9
55	47 + 8
55	48 + 7
55	49 + 6
55	50 + 5
55	51 + 4
55	52 + 3
55	53 + 2
55	54 + 1
55	55 + 0
56	1 + 55
56	2 + 54
56	3 + 53
56	4 + 52
56	5 + 51
56	6 + 50
56	7 + 49
56	8 + 48
56	9 + 47
56	10 + 46
56	11 + 45
56	12 + 44
56	13 + 43
56	14 + 42
56	15 + 41
56	16 + 40
56	17 + 39
56	18 + 38
56	19 + 37
56	20 + 36
56	21 + 35
56	22 + 34
56	23 + 33
56	24 + 32
56	25 + 31
56	26 + 30
56	27 + 29
56	28 + 28
56	29 + 27
56	30 + 26
56	31 + 25
56	32 + 24
56	33 + 23
56	34 + 22
56	35 + 21
56	36 + 20
56	37 + 19
56	38 + 18
56	39 + 17
56	40 + 16
56	41 + 15
56	42 + 14
56	43 + 13
56	44 + 12
56	45 + 11
56	46 + 10
56	47 + 9
56	48 + 8
56	49 + 7
56	50 + 6
56	51 + 5
56	52 + 4
56	53 + 3
56	54 + 2
56	55 + 1
56	56 + 0
57	1 + 56
57	2 + 55
57	3 + 54
57	4 + 53
57	5 + 52
57	6 + 51
57	7 + 50
57	8 + 49
57	9 + 48
57	10 + 47
57	11 + 46
57	12 + 45
57	13 + 44
57	14 + 43
57	15 + 42
57	16 + 41
57	17 + 40
57	18 + 39
57	19 + 38
57	20 + 37
57	21 + 36
57	22 + 35
57	23 + 34
57	24 + 33
57	25 + 32
57	26 + 31
57	27 + 30
57	28 + 29
57	29 + 28
57	30 + 27
57	31 + 26
57	32 + 25
57	33 + 24
57	34 + 23
57	35 + 22
57	36 + 21
57	37 + 20
57	38 + 19
57	39 + 18
57	40 + 17
57	41 + 16
57	42 + 15
57	43 + 14
57	44 + 13
57	45 + 12
57	46 + 11
57	47 + 10
57	48 + 9
57	49 + 8
57	50 + 7
57	51 + 6
57	52 + 5
57	53 + 4
57	54 + 3
57	55 + 2
57	56 + 1
57	57 + 0
58	1 + 57
58	2 + 56
58	3 + 55
58	4 + 54
58	5 + 53
58	6 + 52
58	7 + 51
58	8 + 50
58	9 + 49
58	10 + 48
58	11 + 47
58	12 + 46
58	13 + 45
58	14 + 44
58	15 + 43
58	16 + 42
58	17 + 41
58	18 + 40
58	19 + 39
58	20 + 38
58	21 + 37
58	22 + 36
58	23 + 35
58	24 + 34
58	25 + 33
58	26 + 32
58	27 + 31
58	28 + 30
58	29 + 29
58	30 + 28
58	31 + 27
58	32 + 26
58	33 + 25
58	34 + 24
58	35 + 23
58	36 + 22
58	37 + 21
58	38 + 20
58	39 + 19
58	40 + 18
58	41 + 17
58	42 + 16
58	43 + 15
58	44 + 14
58	45 + 13
58	46 + 12
58	47 + 11
58	48 + 10
58	49 + 9
58	50 + 8
58	51 + 7
58	52 + 6
58	53 + 5
58	54 + 4
58	55 + 3
58	56 + 2
58	57 + 1
58	58 + 0
59	1 + 58
59	2 + 57
59	3 + 56
59	4 + 55
59	5 + 54
59	6 + 53
59	7 + 52
59	8 + 51
59	9 + 50
59	10 + 49
59	11 + 48
59	12 + 47
59	13 + 46
59	14 + 45
59	15 + 44
59	16 + 43
59	17 + 42
59	18 + 41
59	19 + 40
59	20 + 39
59	21 + 38
59	22 + 37
59	23 + 36
59	24 + 35
59	25 + 34
59	26 + 33
59	27 + 32
59	28 + 31
59	29 + 30
59	30 + 29
59	31 + 28
59	32 + 27
59	33 + 26
59	34 + 25
59	35 + 24
59	36 + 23
59	37 + 22
59	38 + 21
59	39 + 20
59	40 + 19
59	41 + 18
59	42 + 17
59	43 + 16
59	44 + 15
59	45 + 14
59	46 + 13
59	47 + 12
59	48 + 11
59	49 + 10
59	50 + 9
59	51 + 8
59	52 + 7
59	53 + 6
59	54 + 5
59	55 + 4
59	56 + 3
59	57 + 2
59	58 + 1
59	59 + 0
60	1 + 59
60	2 + 58
60	3 + 57
60	4 + 56
60	5 + 55
60	6 + 54
60	7 + 53
60	8 + 52
60	9 + 51
60	10 + 50
60	11 + 49
60	12 + 48
60	13 + 47
60	14 + 46
60	15 + 45
60	16 + 44
60	17 + 43
60	18 + 42
60	19 + 41
60	20 + 40
60	21 + 39
60	22 + 38
60	23 + 37
60	24 + 36
60	25 + 35
60	26 + 34
60	27 + 33
60	28 + 32
60	29 + 31
60	30 + 30
60	31 + 29
60	32 + 28
60	33 + 27
60	34 + 26
60	35 + 25
60	36 + 24
60	37 + 23
60	38 + 22
60	39 + 21
60	40 + 20
60	41 + 19
60	42 + 18
60	43 + 17
60	44 + 16
60	45 + 15
60	46 + 14
60	47 + 13
60	48 + 12
60	49 + 11
60	50 + 10
60	51 + 9
60	52 + 8
60	53 + 7
60	54 + 6
60	55 + 5
60	56 + 4
60	57 + 3
60	58 + 2
60	59 + 1
60	60 + 0
61	1 + 60
61	2 + 59
61	3 + 58
61	4 + 57
61	5 + 56
61	6 + 55
61	7 + 54
61	8 + 53
61	9 + 52
61	10 + 51
61	11 + 50
61	12 + 49
61	13 + 48
61	14 + 47
61	15 + 46
61	16 + 45
61	17 + 44
61	18 + 43
61	19 + 42
61	20 + 41
61	21 + 40
61	22 + 39
61	23 + 38
61	24 + 37
61	25 + 36
61	26 + 35
61	27 + 34
61	28 + 33
61	29 + 32
61	30 + 31
61	31 + 30
61	32 + 29
61	33 + 28
61	34 + 27
61	35 + 26
61	36 + 25
61	37 + 24
61	38 + 23
61	39 + 22
61	40 + 21
61	41 + 20
61	42 + 19
61	43 + 18
61	44 + 17
61	45 + 16
61	46 + 15
61	47 + 14
61	48 + 13
61	49 + 12
61	50 + 11
61	51 + 10
61	52 + 9
61	53 + 8
61	54 + 7
61	55 + 6
61	56 + 5
61	57 + 4
61	58 + 3
61	59 + 2
61	60 + 1
61	61 + 0
62	1 + 61
62	2 + 60
62	3 + 59
62	4 + 58
62	5 + 57
62	6 + 56
62	7 + 55
62	8 + 54
62	9 + 53
62	10 + 52
62	11 + 51
62	12 + 50
62	13 + 49
62	14 + 48
62	15 + 47
62	16 + 46
62	17 + 45
62	18 + 44
62	19 + 43
62	20 + 42
62	21 + 41
62	22 + 40
62	23 + 39
62	24 + 38
62	25 + 37
62	26 + 36
62	27 + 35
62	28 + 34
62	29 + 33
62	30 + 32
62	31 + 31
62	32 + 30
62	33 + 29
62	34 + 28
62	35 + 27
62	36 + 26
62	37 + 25
62	38 + 24
62	39 + 23
62	40 + 22
62	41 + 21
62	42 + 20
62	43 + 19
62	44 + 18
62	45 + 17
62	46 + 16
62	47 + 15
62	48 + 14
62	49 + 13
62	50 + 12
62	51 + 11
62	52 + 10
62	53 + 9
62	54 + 8
62	55 + 7
62	56 + 6
62	57 + 5
62	58 + 4
62	59 + 3
62	60 + 2
62	61 + 1
62	62 + 0
63	1 + 62
63	2 + 61
63	3 + 60
63	4 + 59
63	5 + 58
63	6 + 57
63	7 + 56
63	8 + 55
63	9 + 54
63	10 + 53
63	11 + 52
63	12 + 51
63	13 + 50
63	14 + 49
63	15 + 48
63	16 + 47
63	17 + 46
63	18 + 45
63	19 + 44
63	20 + 43
63	21 + 42
63	22 + 41
63	23 + 40
63	24 + 39
63	25 + 38
63	26 + 37
63	27 + 36
63	28 + 35
63	29 + 34
63	30 + 33
63	31 + 32
63	32 + 31
63	33 + 30
63	34 + 29
63	35 + 28
63	36 + 27
63	37 + 26
63	38 + 25
63	39 + 24
63	40 + 23
63	41 + 22
63	42 + 21
63	43 + 20
63	44 + 19
63	45 + 18
63	46 + 17
63	47 + 16
63	48 + 15
63	49 + 14
63	50 + 13
63	51 + 12
63	52 + 11
63	53 + 10
63	54 + 9
63	55 + 8
63	56 + 7
63	57 + 6
63	58 + 5
63	59 + 4
63	60 + 3
63	61 + 2
63	62 + 1
63	63 + 0
64	1 + 63
64	2 + 62
64	3 + 61
64	4 + 60
64	5 + 59
64	6 + 58
64	7 + 57
64	8 + 56
64	9 + 55
64	10 + 54
64	11 + 53
64	12 + 52
64	13 + 51
64	14 + 50
64	15 + 49
64	16 + 48
64	17 + 47
64	18 + 46
64	19 + 45
64	20 + 44
64	21 + 43
64	22 + 42
64	23 + 41
64	24 + 40
64	25 + 39
64	26 + 38
64	27 + 37
64	28 + 36
64	29 + 35
64	30 + 34
64	31 + 33
64	32 + 32
64	33 + 31
64	34 + 30
64	35 + 29
64	36 + 28
64	37 + 27
64	38 + 26
64	39 + 25
64	40 + 24
64	41 + 23
64	42 + 22
64	43 + 21
64	44 + 20
64	45 + 19
64	46 + 18
64	47 + 17
64	48 + 16
64	49 + 15
64	50 + 14
64	51 + 13
64	52 + 12
64	53 + 11
64	54 + 10
64	55 + 9
64	56 + 8
64	57 + 7
64	58 + 6
64	59 + 5
64	60 + 4
64	61 + 3
64	62 + 2
64	63 + 1
64	64 + 0
65	1 + 64
65	2 + 63
65	3 + 62
65	4 + 61
65	5 + 60
65	6 + 59
65	7 + 58
65	8 + 57
65	9 + 56
65	10 + 55
65	11 + 54
65	12 + 53
65	13 + 52
65	14 + 51
65	15 + 50
65	16 + 49
65	17 + 48
65	18 + 47
65	19 + 46
65	20 + 45
65	21 + 44
65	22 + 43
65	23 + 42
65	24 + 41
65	25 + 40
65	26 + 39
65	27 + 38
65	28 + 37
65	29 + 36
65	30 + 35
65	31 + 34
65	32 + 33
65	33 + 32
65	34 + 31
65	35 + 30
65	36 + 29
65	37 + 28
65	38 + 27
65	39 + 26
65	40 + 25
65	41 + 24
65	42 + 23
65	43 + 22
65	44 + 21
65	45 + 20
65	46 + 19
65	47 + 18
65	48 + 17
65	49 + 16
65	50 + 15
65	51 + 14
65	52 + 13
65	53 + 12
65	54 + 11
65	55 + 10
65	56 + 9
65	57 + 8
65	58 + 7
65	59 + 6
65	60 + 5
65	61 + 4
65	62 + 3
65	63 + 2
65	64 + 1
65	65 + 0
66	1 + 65
66	2 + 64
66	3 + 63
66	4 + 62
66	5 + 61
66	6 + 60
66	7 + 59
66	8 + 58
66	9 + 57
66	10 + 56
66	11 + 55
66	12 + 54
66	13 + 53
66	14 + 52
66	15 + 51
66	16 + 50
66	17 + 49
66	18 + 48
66	19 + 47
66	20 + 46
66	21 + 45
66	22 + 44
66	23 + 43
66	24 + 42
66	25 + 41
66	26 + 40
66	27 + 39
66	28 + 38
66	29 + 37
66	30 + 36
66	31 + 35
66	32 + 34
66	33 + 33
66	34 + 32
66	35 + 31
66	36 + 30
66	37 + 29
66	38 + 28
66	39 + 27
66	40 + 26
66	41 + 25
66	42 + 24
66	43 + 23
66	44 + 22
66	45 + 21
66	46 + 20
66	47 + 19
66	48 + 18
66	49 + 17
66	50 + 16
66	51 + 15
66	52 + 14
66	53 + 13
66	54 + 12
66	55 + 11
66	56 + 10
66	57 + 9
66	58 + 8
66	59 + 7
66	60 + 6
66	61 + 5
66	62 + 4
66	63 + 3
66	64 + 2
66	65 + 1
66	66 + 0
67	1 + 66
67	2 + 65
67	3 + 64
67	4 + 63
67	5 + 62
67	6 + 61
67	7 + 60
67	8 + 59
67	9 + 58
67	10 + 57
67	11 + 56
67	12 + 55
67	13 + 54
67	14 + 53
67	15 + 52
67	16 + 51
67	17 + 50
67	18 + 49
67	19 + 48
67	20 + 47
67	21 + 46
67	22 + 45
67	23 + 44
67	24 + 43
67	25 + 42
67	26 + 41
67	27 + 40
67	28 + 39
67	29 + 38
67	30 + 37
67	31 + 36
67	32 + 35
67	33 + 34
67	34 + 33
67	35 + 32
67	36 + 31
67	37 + 30
67	38 + 29
67	39 + 28
67	40 + 27
67	41 + 26
67	42 + 25
67	43 + 24
67	44 + 23
67	45 + 22
67	46 + 21
67	47 + 20
67	48 + 19
67	49 + 18
67	50 + 17
67	51 + 16
67	52 + 15
67	53 + 14
67	54 + 13
67	55 + 12
67	56 + 11
67	57 + 10
67	58 + 9
67	59 + 8
67	60 + 7
67	61 + 6
67	62 + 5
67	63 + 4
67	64 + 3
67	65 + 2
67	66 + 1
67	67 + 0
68	1 + 67
68	2 + 66
68	3 + 65
68	4 + 64
68	5 + 63
68	6 + 62
68	7 + 61
68	8 + 60
68	9 + 59
68	10 + 58
68	11 + 57
68	12 + 56
68	13 + 55
68	14 + 54
68	15 + 53
68	16 + 52
68	17 + 51
68	18 + 50
68	19 + 49
68	20 + 48
68	21 + 47
68	22 + 46
68	23 + 45
68	24 + 44
68	25 + 43
68	26 + 42
68	27 + 41
68	28 + 40
68	29 + 39
68	30 + 38
68	31 + 37
68	32 + 36
68	33 + 35
68	34 + 34
68	35 + 33
68	36 + 32
68	37 + 31
68	38 + 30
68	39 + 29
68	40 + 28
68	41 + 27
68	42 + 26
68	43 + 25
68	44 + 24
68	45 + 23
68	46 + 22
68	47 + 21
68	48 + 20
68	49 + 19
68	50 + 18
68	51 + 17
68	52 + 16
68	53 + 15
68	54 + 14
68	55 + 13
68	56 + 12
68	57 + 11
68	58 + 10
68	59 + 9
68	60 + 8
68	61 + 7
68	62 + 6
68	63 + 5
68	64 + 4
68	65 + 3
68	66 + 2
68	67 + 1
68	68 + 0
69	1 + 68
69	2 + 67
69	3 + 66
69	4 + 65
69	5 + 64
69	6 + 63
69	7 + 62
69	8 + 61
69	9 + 60
69	10 + 59
69	11 + 58
69	12 + 57
69	13 + 56
69	14 + 55
69	15 + 54
69	16 + 53
69	17 + 52
69	18 + 51
69	19 + 50
69	20 + 49
69	21 + 48
69	22 + 47
69	23 + 46
69	24 + 45
69	25 + 44
69	26 + 43
69	27 + 42
69	28 + 41
69	29 + 40
69	30 + 39
69	31 + 38
69	32 + 37
69	33 + 36
69	34 + 35
69	35 + 34
69	36 + 33
69	37 + 32
69	38 + 31
69	39 + 30
69	40 + 29
69	41 + 28
69	42 + 27
69	43 + 26
69	44 + 25
69	45 + 24
69	46 + 23
69	47 + 22
69	48 + 21
69	49 + 20
69	50 + 19
69	51 + 18
69	52 + 17
69	53 + 16
69	54 + 15
69	55 + 14
69	56 + 13
69	57 + 12
69	58 + 11
69	59 + 10
69	60 + 9
69	61 + 8
69	62 + 7
69	63 + 6
69	64 + 5
69	65 + 4
69	66 + 3
69	67 + 2
69	68 + 1
69	69 + 0
70	1 + 69
70	2 + 68
70	3 + 67
70	4 + 66
70	5 + 65
70	6 + 64
70	7 + 63
70	8 + 62
70	9 + 61
70	10 + 60
70	11 + 59
70	12 + 58
70	13 + 57
70	14 + 56
70	15 + 55
70	16 + 54
70	17 + 53
70	18 + 52
70	19 + 51
70	20 + 50
70	21 + 49
70	22 + 48
70	23 + 47
70	24 + 46
70	25 + 45
70	26 + 44
70	27 + 43
70	28 + 42
70	29 + 41
70	30 + 40
70	31 + 39
70	32 + 38
70	33 + 37
70	34 + 36
70	35 + 35
70	36 + 34
70	37 + 33
70	38 + 32
70	39 + 31
70	40 + 30
70	41 + 29
70	42 + 28
70	43 + 27
70	44 + 26
70	45 + 25
70	46 + 24
70	47 + 23
70	48 + 22
70	49 + 21
70	50 + 20
70	51 + 19
70	52 + 18
70	53 + 17
70	54 + 16
70	55 + 15
70	56 + 14
70	57 + 13
70	58 + 12
70	59 + 11
70	60 + 10
70	61 + 9
70	62 + 8
70	63 + 7
70	64 + 6
70	65 + 5
70	66 + 4
70	67 + 3
70	68 + 2
70	69 + 1
70	70 + 0
71	1 + 70
71	2 + 69
71	3 + 68
71	4 + 67
71	5 + 66
71	6 + 65
71	7 + 64
71	8 + 63
71	9 + 62
71	10 + 61
71	11 + 60
71	12 + 59
71	13 + 58
71	14 + 57
71	15 + 56
71	16 + 55
71	17 + 54
71	18 + 53
71	19 + 52
71	20 + 51
71	21 + 50
71	22 + 49
71	23 + 48
71	24 + 47
71	25 + 46
71	26 + 45
71	27 + 44
71	28 + 43
71	29 + 42
71	30 + 41
71	31 + 40
71	32 + 39
71	33 + 38
71	34 + 37
71	35 + 36
71	36 + 35
71	37 + 34
71	38 + 33
71	39 + 32
71	40 + 31
71	41 + 30
71	42 + 29
71	43 + 28
71	44 + 27
71	45 + 26
71	46 + 25
71	47 + 24
71	48 + 23
71	49 + 22
71	50 + 21
71	51 + 20
71	52 + 19
71	53 + 18
71	54 + 17
71	55 + 16
71	56 + 15
71	57 + 14
71	58 + 13
71	59 + 12
71	60 + 11
71	61 + 10
71	62 + 9
71	63 + 8
71	64 + 7
71	65 + 6
71	66 + 5
71	67 + 4
71	68 + 3
71	69 + 2
71	70 + 1
71	71 + 0
72	1 + 71
72	2 + 70
72	3 + 69
72	4 + 68
72	5 + 67
72	6 + 66
72	7 + 65
72	8 + 64
72	9 + 63
72	10 + 62
72	11 + 61
72	12 + 60
72	13 + 59
72	14 + 58
72	15 + 57
72	16 + 56
72	17 + 55
72	18 + 54
72	19 + 53
72	20 + 52
72	21 + 51
72	22 + 50
72	23 + 49
72	24 + 48
72	25 + 47
72	26 + 46
72	27 + 45
72	28 + 44
72	29 + 43
72	30 + 42
72	31 + 41
72	32 + 40
72	33 + 39
72	34 + 38
72	35 + 37
72	36 + 36
72	37 + 35
72	38 + 34
72	39 + 33
72	40 + 32
72	41 + 31
72	42 + 30
72	43 + 29
72	44 + 28
72	45 + 27
72	46 + 26
72	47 + 25
72	48 + 24
72	49 + 23
72	50 + 22
72	51 + 21
72	52 + 20
72	53 + 19
72	54 + 18
72	55 + 17
72	56 + 16
72	57 + 15
72	58 + 14
72	59 + 13
72	60 + 12
72	61 + 11
72	62 + 10
72	63 + 9
72	64 + 8
72	65 + 7
72	66 + 6
72	67 + 5
72	68 + 4
72	69 + 3
72	70 + 2
72	71 + 1
72	72 + 0
73	1 + 72
73	2 + 71
73	3 + 70
73	4 + 69
73	5 + 68
73	6 + 67
73	7 + 66
73	8 + 65
73	9 + 64
73	10 + 63
73	11 + 62
73	12 + 61
73	13 + 60
73	14 + 59
73	15 + 58
73	16 + 57
73	17 + 56
73	18 + 55
73	19 + 54
73	20 + 53
73	21 + 52
73	22 + 51
73	23 + 50
73	24 + 49
73	25 + 48
73	26 + 47
73	27 + 46
73	28 + 45
73	29 + 44
73	30 + 43
73	31 + 42
73	32 + 41
73	33 + 40
73	34 + 39
73	35 + 38
73	36 + 37
73	37 + 36
73	38 + 35
73	39 + 34
73	40 + 33
73	41 + 32
73	42 + 31
73	43 + 30
73	44 + 29
73	45 + 28
73	46 + 27
73	47 + 26
73	48 + 25
73	49 + 24
73	50 + 23
73	51 + 22
73	52 + 21
73	53 + 20
73	54 + 19
73	55 + 18
73	56 + 17
73	57 + 16
73	58 + 15
73	59 + 14
73	60 + 13
73	61 + 12
73	62 + 11
73	63 + 10
73	64 + 9
73	65 + 8
73	66 + 7
73	67 + 6
73	68 + 5
73	69 + 4
73	70 + 3
73	71 + 2
73	72 + 1
73	73 + 0
74	1 + 73
74	2 + 72
74	3 + 71
74	4 + 70
74	5 + 69
74	6 + 68
74	7 + 67
74	8 + 66
74	9 + 65
74	10 + 64
74	11 + 63
74	12 + 62
74	13 + 61
74	14 + 60
74	15 + 59
74	16 + 58
74	17 + 57
74	18 + 56
74	19 + 55
74	20 + 54
74	21 + 53
74	22 + 52
74	23 + 51
74	24 + 50
74	25 + 49
74	26 + 48
74	27 + 47
74	28 + 46
74	29 + 45
74	30 + 44
74	31 + 43
74	32 + 42
74	33 + 41
74	34 + 40
74	35 + 39
74	36 + 38
74	37 + 37
74	38 + 36
74	39 + 35
74	40 + 34
74	41 + 33
74	42 + 32
74	43 + 31
74	44 + 30
74	45 + 29
74	46 + 28
74	47 + 27
74	48 + 26
74	49 + 25
74	50 + 24
74	51 + 23
74	52 + 22
74	53 + 21
74	54 + 20
74	55 + 19
74	56 + 18
74	57 + 17
74	58 + 16
74	59 + 15
74	60 + 14
74	61 + 13
74	62 + 12
74	63 + 11
74	64 + 10
74	65 + 9
74	66 + 8
74	67 + 7
74	68 + 6
74	69 + 5
74	70 + 4
74	71 + 3
74	72 + 2
74	73 + 1
74	74 + 0
75	1 + 74
75	2 + 73
75	3 + 72
75	4 + 71
75	5 + 70
75	6 + 69
75	7 + 68
75	8 + 67
75	9 + 66
75	10 + 65
75	11 + 64
75	12 + 63
75	13 + 62
75	14 + 61
75	15 + 60
75	16 + 59
75	17 + 58
75	18 + 57
75	19 + 56
75	20 + 55
75	21 + 54
75	22 + 53
75	23 + 52
75	24 + 51
75	25 + 50
75	26 + 49
75	27 + 48
75	28 + 47
75	29 + 46
75	30 + 45
75	31 + 44
75	32 + 43
75	33 + 42
75	34 + 41
75	35 + 40
75	36 + 39
75	37 + 38
75	38 + 37
75	39 + 36
75	40 + 35
75	41 + 34
75	42 + 33
75	43 + 32
75	44 + 31
75	45 + 30
75	46 + 29
75	47 + 28
75	48 + 27
75	49 + 26
75	50 + 25
75	51 + 24
75	52 + 23
75	53 + 22
75	54 + 21
75	55 + 20
75	56 + 19
75	57 + 18
75	58 + 17
75	59 + 16
75	60 + 15
75	61 + 14
75	62 + 13
75	63 + 12
75	64 + 11
75	65 + 10
75	66 + 9
75	67 + 8
75	68 + 7
75	69 + 6
75	70 + 5
75	71 + 4
75	72 + 3
75	73 + 2
75	74 + 1
75	75 + 0
76	1 + 75
76	2 + 74
76	3 + 73
76	4 + 72
76	5 + 71
76	6 + 70
76	7 + 69
76	8 + 68
76	9 + 67
76	10 + 66
76	11 + 65
76	12 + 64
76	13 + 63
76	14 + 62
76	15 + 61
76	16 + 60
76	17 + 59
76	18 + 58
76	19 + 57
76	20 + 56
76	21 + 55
76	22 + 54
76	23 + 53
76	24 + 52
76	25 + 51
76	26 + 50
76	27 + 49
76	28 + 48
76	29 + 47
76	30 + 46
76	31 + 45
76	32 + 44
76	33 + 43
76	34 + 42
76	35 + 41
76	36 + 40
76	37 + 39
76	38 + 38
76	39 + 37
76	40 + 36
76	41 + 35
76	42 + 34
76	43 + 33
76	44 + 32
76	45 + 31
76	46 + 30
76	47 + 29
76	48 + 28
76	49 + 27
76	50 + 26
76	51 + 25
76	52 + 24
76	53 + 23
76	54 + 22
76	55 + 21
76	56 + 20
76	57 + 19
76	58 + 18
76	59 + 17
76	60 + 16
76	61 + 15
76	62 + 14
76	63 + 13
76	64 + 12
76	65 + 11
76	66 + 10
76	67 + 9
76	68 + 8
76	69 + 7
76	70 + 6
76	71 + 5
76	72 + 4
76	73 + 3
76	74 + 2
76	75 + 1
76	76 + 0
77	1 + 76
77	2 + 75
77	3 + 74
77	4 + 73
77	5 + 72
77	6 + 71
77	7 + 70
77	8 + 69
77	9 + 68
77	10 + 67
77	11 + 66
77	12 + 65
77	13 + 64
77	14 + 63
77	15 + 62
77	16 + 61
77	17 + 60
77	18 + 59
77	19 + 58
77	20 + 57
77	21 + 56
77	22 + 55
77	23 + 54
77	24 + 53
77	25 + 52
77	26 + 51
77	27 + 50
77	28 + 49
77	29 + 48
77	30 + 47
77	31 + 46
77	32 + 45
77	33 + 44
77	34 + 43
77	35 + 42
77	36 + 41
77	37 + 40
77	38 + 39
77	39 + 38
77	40 + 37
77	41 + 36
77	42 + 35
77	43 + 34
77	44 + 33
77	45 + 32
77	46 + 31
77	47 + 30
77	48 + 29
77	49 + 28
77	50 + 27
77	51 + 26
77	52 + 25
77	53 + 24
77	54 + 23
77	55 + 22
77	56 + 21
77	57 + 20
77	58 + 19
77	59 + 18
77	60 + 17
77	61 + 16
77	62 + 15
77	63 + 14
77	64 + 13
77	65 + 12
77	66 + 11
77	67 + 10
77	68 + 9
77	69 + 8
77	70 + 7
77	71 + 6
77	72 + 5
77	73 + 4
77	74 + 3
77	75 + 2
77	76 + 1
77	77 + 0
78	1 + 77
78	2 + 76
78	3 + 75
78	4 + 74
78	5 + 73
78	6 + 72
78	7 + 71
78	8 + 70
78	9 + 69
78	10 + 68
78	11 + 67
78	12 + 66
78	13 + 65
78	14 + 64
78	15 + 63
78	16 + 62
78	17 + 61
78	18 + 60
78	19 + 59
78	20 + 58
78	21 + 57
78	22 + 56
78	23 + 55
78	24 + 54
78	25 + 53
78	26 + 52
78	27 + 51
78	28 + 50
78	29 + 49
78	30 + 48
78	31 + 47
78	32 + 46
78	33 + 45
78	34 + 44
78	35 + 43
78	36 + 42
78	37 + 41
78	38 + 40
78	39 + 39
78	40 + 38
78	41 + 37
78	42 + 36
78	43 + 35
78	44 + 34
78	45 + 33
78	46 + 32
78	47 + 31
78	48 + 30
78	49 + 29
78	50 + 28
78	51 + 27
78	52 + 26
78	53 + 25
78	54 + 24
78	55 + 23
78	56 + 22
78	57 + 21
78	58 + 20
78	59 + 19
78	60 + 18
78	61 + 17
78	62 + 16
78	63 + 15
78	64 + 14
78	65 + 13
78	66 + 12
78	67 + 11
78	68 + 10
78	69 + 9
78	70 + 8
78	71 + 7
78	72 + 6
78	73 + 5
78	74 + 4
78	75 + 3
78	76 + 2
78	77 + 1
78	78 + 0
79	1 + 78
79	2 + 77
79	3 + 76
79	4 + 75
79	5 + 74
79	6 + 73
79	7 + 72
79	8 + 71
79	9 + 70
79	10 + 69
79	11 + 68
79	12 + 67
79	13 + 66
79	14 + 65
79	15 + 64
79	16 + 63
79	17 + 62
79	18 + 61
79	19 + 60
79	20 + 59
79	21 + 58
79	22 + 57
79	23 + 56
79	24 + 55
79	25 + 54
79	26 + 53
79	27 + 52
79	28 + 51
79	29 + 50
79	30 + 49
79	31 + 48
79	32 + 47
79	33 + 46
79	34 + 45
79	35 + 44
79	36 + 43
79	37 + 42
79	38 + 41
79	39 + 40
79	40 + 39
79	41 + 38
79	42 + 37
79	43 + 36
79	44 + 35
79	45 + 34
79	46 + 33
79	47 + 32
79	48 + 31
79	49 + 30
79	50 + 29
79	51 + 28
79	52 + 27
79	53 + 26
79	54 + 25
79	55 + 24
79	56 + 23
79	57 + 22
79	58 + 21
79	59 + 20
79	60 + 19
79	61 + 18
79	62 + 17
79	63 + 16
79	64 + 15
79	65 + 14
79	66 + 13
79	67 + 12
79	68 + 11
79	69 + 10
79	70 + 9
79	71 + 8
79	72 + 7
79	73 + 6
79	74 + 5
79	75 + 4
79	76 + 3
79	77 + 2
79	78 + 1
79	79 + 0
80	1 + 79
80	2 + 78
80	3 + 77
80	4 + 76
80	5 + 75
80	6 + 74
80	7 + 73
80	8 + 72
80	9 + 71
80	10 + 70
80	11 + 69
80	12 + 68
80	13 + 67
80	14 + 66
80	15 + 65
80	16 + 64
80	17 + 63
80	18 + 62
80	19 + 61
80	20 + 60
80	21 + 59
80	22 + 58
80	23 + 57
80	24 + 56
80	25 + 55
80	26 + 54
80	27 + 53
80	28 + 52
80	29 + 51
80	30 + 50
80	31 + 49
80	32 + 48
80	33 + 47
80	34 + 46
80	35 + 45
80	36 + 44
80	37 + 43
80	38 + 42
80	39 + 41
80	40 + 40
80	41 + 39
80	42 + 38
80	43 + 37
80	44 + 36
80	45 + 35
80	46 + 34
80	47 + 33
80	48 + 32
80	49 + 31
80	50 + 30
80	51 + 29
80	52 + 28
80	53 + 27
80	54 + 26
80	55 + 25
80	56 + 24
80	57 + 23
80	58 + 22
80	59 + 21
80	60 + 20
80	61 + 19
80	62 + 18
80	63 + 17
80	64 + 16
80	65 + 15
80	66 + 14
80	67 + 13
80	68 + 12
80	69 + 11
80	70 + 10
80	71 + 9
80	72 + 8
80	73 + 7
80	74 + 6
80	75 + 5
80	76 + 4
80	77 + 3
80	78 + 2
80	79 + 1
80	80 + 0
81	1 + 80
81	2 + 79
81	3 + 78
81	4 + 77
81	5 + 76
81	6 + 75
81	7 + 74
81	8 + 73
81	9 + 72
81	10 + 71
81	11 + 70
81	12 + 69
81	13 + 68
81	14 + 67
81	15 + 66
81	16 + 65
81	17 + 64
81	18 + 63
81	19 + 62
81	20 + 61
81	21 + 60
81	22 + 59
81	23 + 58
81	24 + 57
81	25 + 56
81	26 + 55
81	27 + 54
81	28 + 53
81	29 + 52
81	30 + 51
81	31 + 50
81	32 + 49
81	33 + 48
81	34 + 47
81	35 + 46
81	36 + 45
81	37 + 44
81	38 + 43
81	39 + 42
81	40 + 41
81	41 + 40
81	42 + 39
81	43 + 38
81	44 + 37
81	45 + 36
81	46 + 35
81	47 + 34
81	48 + 33
81	49 + 32
81	50 + 31
81	51 + 30
81	52 + 29
81	53 + 28
81	54 + 27
81	55 + 26
81	56 + 25
81	57 + 24
81	58 + 23
81	59 + 22
81	60 + 21
81	61 + 20
81	62 + 19
81	63 + 18
81	64 + 17
81	65 + 16
81	66 + 15
81	67 + 14
81	68 + 13
81	69 + 12
81	70 + 11
81	71 + 10
81	72 + 9
81	73 + 8
81	74 + 7
81	75 + 6
81	76 + 5
81	77 + 4
81	78 + 3
81	79 + 2
81	80 + 1
81	81 + 0
82	1 + 81
82	2 + 80
82	3 + 79
82	4 + 78
82	5 + 77
82	6 + 76
82	7 + 75
82	8 + 74
82	9 + 73
82	10 + 72
82	11 + 71
82	12 + 70
82	13 + 69
82	14 + 68
82	15 + 67
82	16 + 66
82	17 + 65
82	18 + 64
82	19 + 63
82	20 + 62
82	21 + 61
82	22 + 60
82	23 + 59
82	24 + 58
82	25 + 57
82	26 + 56
82	27 + 55
82	28 + 54
82	29 + 53
82	30 + 52
82	31 + 51
82	32 + 50
82	33 + 49
82	34 + 48
82	35 + 47
82	36 + 46
82	37 + 45
82	38 + 44
82	39 + 43
82	40 + 42
82	41 + 41
82	42 + 40
82	43 + 39
82	44 + 38
82	45 + 37
82	46 + 36
82	47 + 35
82	48 + 34
82	49 + 33
82	50 + 32
82	51 + 31
82	52 + 30
82	53 + 29
82	54 + 28
82	55 + 27
82	56 + 26
82	57 + 25
82	58 + 24
82	59 + 23
82	60 + 22
82	61 + 21
82	62 + 20
82	63 + 19
82	64 + 18
82	65 + 17
82	66 + 16
82	67 + 15
82	68 + 14
82	69 + 13
82	70 + 12
82	71 + 11
82	72 + 10
82	73 + 9
82	74 + 8
82	75 + 7
82	76 + 6
82	77 + 5
82	78 + 4
82	79 + 3
82	80 + 2
82	81 + 1
82	82 + 0
83	1 + 82
83	2 + 81
83	3 + 80
83	4 + 79
83	5 + 78
83	6 + 77
83	7 + 76
83	8 + 75
83	9 + 74
83	10 + 73
83	11 + 72
83	12 + 71
83	13 + 70
83	14 + 69
83	15 + 68
83	16 + 67
83	17 + 66
83	18 + 65
83	19 + 64
83	20 + 63
83	21 + 62
83	22 + 61
83	23 + 60
83	24 + 59
83	25 + 58
83	26 + 57
83	27 + 56
83	28 + 55
83	29 + 54
83	30 + 53
83	31 + 52
83	32 + 51
83	33 + 50
83	34 + 49
83	35 + 48
83	36 + 47
83	37 + 46
83	38 + 45
83	39 + 44
83	40 + 43
83	41 + 42
83	42 + 41
83	43 + 40
83	44 + 39
83	45 + 38
83	46 + 37
83	47 + 36
83	48 + 35
83	49 + 34
83	50 + 33
83	51 + 32
83	52 + 31
83	53 + 30
83	54 + 29
83	55 + 28
83	56 + 27
83	57 + 26
83	58 + 25
83	59 + 24
83	60 + 23
83	61 + 22
83	62 + 21
83	63 + 20
83	64 + 19
83	65 + 18
83	66 + 17
83	67 + 16
83	68 + 15
83	69 + 14
83	70 + 13
83	71 + 12
83	72 + 11
83	73 + 10
83	74 + 9
83	75 + 8
83	76 + 7
83	77 + 6
83	78 + 5
83	79 + 4
83	80 + 3
83	81 + 2
83	82 + 1
83	83 + 0
84	1 + 83
84	2 + 82
84	3 + 81
84	4 + 80
84	5 + 79
84	6 + 78
84	7 + 77
84	8 + 76
84	9 + 75
84	10 + 74
84	11 + 73
84	12 + 72
84	13 + 71
84	14 + 70
84	15 + 69
84	16 + 68
84	17 + 67
84	18 + 66
84	19 + 65
84	20 + 64
84	21 + 63
84	22 + 62
84	23 + 61
84	24 + 60
84	25 + 59
84	26 + 58
84	27 + 57
84	28 + 56
84	29 + 55
84	30 + 54
84	31 + 53
84	32 + 52
84	33 + 51
84	34 + 50
84	35 + 49
84	36 + 48
84	37 + 47
84	38 + 46
84	39 + 45
84	40 + 44
84	41 + 43
84	42 + 42
84	43 + 41
84	44 + 40
84	45 + 39
84	46 + 38
84	47 + 37
84	48 + 36
84	49 + 35
84	50 + 34
84	51 + 33
84	52 + 32
84	53 + 31
84	54 + 30
84	55 + 29
84	56 + 28
84	57 + 27
84	58 + 26
84	59 + 25
84	60 + 24
84	61 + 23
84	62 + 22
84	63 + 21
84	64 + 20
84	65 + 19
84	66 + 18
84	67 + 17
84	68 + 16
84	69 + 15
84	70 + 14
84	71 + 13
84	72 + 12
84	73 + 11
84	74 + 10
84	75 + 9
84	76 + 8
84	77 + 7
84	78 + 6
84	79 + 5
84	80 + 4
84	81 + 3
84	82 + 2
84	83 + 1
84	84 + 0
85	1 + 84
85	2 + 83
85	3 + 82
85	4 + 81
85	5 + 80
85	6 + 79
85	7 + 78
85	8 + 77
85	9 + 76
85	10 + 75
85	11 + 74
85	12 + 73
85	13 + 72
85	14 + 71
85	15 + 70
85	16 + 69
85	17 + 68
85	18 + 67
85	19 + 66
85	20 + 65
85	21 + 64
85	22 + 63
85	23 + 62
85	24 + 61
85	25 + 60
85	26 + 59
85	27 + 58
85	28 + 57
85	29 + 56
85	30 + 55
85	31 + 54
85	32 + 53
85	33 + 52
85	34 + 51
85	35 + 50
85	36 + 49
85	37 + 48
85	38 + 47
85	39 + 46
85	40 + 45
85	41 + 44
85	42 + 43
85	43 + 42
85	44 + 41
85	45 + 40
85	46 + 39
85	47 + 38
85	48 + 37
85	49 + 36
85	50 + 35
85	51 + 34
85	52 + 33
85	53 + 32
85	54 + 31
85	55 + 30
85	56 + 29
85	57 + 28
85	58 + 27
85	59 + 26
85	60 + 25
85	61 + 24
85	62 + 23
85	63 + 22
85	64 + 21
85	65 + 20
85	66 + 19
85	67 + 18
85	68 + 17
85	69 + 16
85	70 + 15
85	71 + 14
85	72 + 13
85	73 + 12
85	74 + 11
85	75 + 10
85	76 + 9
85	77 + 8
85	78 + 7
85	79 + 6
85	80 + 5
85	81 + 4
85	82 + 3
85	83 + 2
85	84 + 1
85	85 + 0
86	1 + 85
86	2 + 84
86	3 + 83
86	4 + 82
86	5 + 81
86	6 + 80
86	7 + 79
86	8 + 78
86	9 + 77
86	10 + 76
86	11 + 75
86	12 + 74
86	13 + 73
86	14 + 72
86	15 + 71
86	16 + 70
86	17 + 69
86	18 + 68
86	19 + 67
86	20 + 66
86	21 + 65
86	22 + 64
86	23 + 63
86	24 + 62
86	25 + 61
86	26 + 60
86	27 + 59
86	28 + 58
86	29 + 57
86	30 + 56
86	31 + 55
86	32 + 54
86	33 + 53
86	34 + 52
86	35 + 51
86	36 + 50
86	37 + 49
86	38 + 48
86	39 + 47
86	40 + 46
86	41 + 45
86	42 + 44
86	43 + 43
86	44 + 42
86	45 + 41
86	46 + 40
86	47 + 39
86	48 + 38
86	49 + 37
86	50 + 36
86	51 + 35
86	52 + 34
86	53 + 33
86	54 + 32
86	55 + 31
86	56 + 30
86	57 + 29
86	58 + 28
86	59 + 27
86	60 + 26
86	61 + 25
86	62 + 24
86	63 + 23
86	64 + 22
86	65 + 21
86	66 + 20
86	67 + 19
86	68 + 18
86	69 + 17
86	70 + 16
86	71 + 15
86	72 + 14
86	73 + 13
86	74 + 12
86	75 + 11
86	76 + 10
86	77 + 9
86	78 + 8
86	79 + 7
86	80 + 6
86	81 + 5
86	82 + 4
86	83 + 3
86	84 + 2
86	85 + 1
86	86 + 0
87	1 + 86
87	2 + 85
87	3 + 84
87	4 + 83
87	5 + 82
87	6 + 81
87	7 + 80
87	8 + 79
87	9 + 78
87	10 + 77
87	11 + 76
87	12 + 75
87	13 + 74
87	14 + 73
87	15 + 72
87	16 + 71
87	17 + 70
87	18 + 69
87	19 + 68
87	20 + 67
87	21 + 66
87	22 + 65
87	23 + 64
87	24 + 63
87	25 + 62
87	26 + 61
87	27 + 60
87	28 + 59
87	29 + 58
87	30 + 57
87	31 + 56
87	32 + 55
87	33 + 54
87	34 + 53
87	35 + 52
87	36 + 51
87	37 + 50
87	38 + 49
87	39 + 48
87	40 + 47
87	41 + 46
87	42 + 45
87	43 + 44
87	44 + 43
87	45 + 42
87	46 + 41
87	47 + 40
87	48 + 39
87	49 + 38
87	50 + 37
87	51 + 36
87	52 + 35
87	53 + 34
87	54 + 33
87	55 + 32
87	56 + 31
87	57 + 30
87	58 + 29
87	59 + 28
87	60 + 27
87	61 + 26
87	62 + 25
87	63 + 24
87	64 + 23
87	65 + 22
87	66 + 21
87	67 + 20
87	68 + 19
87	69 + 18
87	70 + 17
87	71 + 16
87	72 + 15
87	73 + 14
87	74 + 13
87	75 + 12
87	76 + 11
87	77 + 10
87	78 + 9
87	79 + 8
87	80 + 7
87	81 + 6
87	82 + 5
87	83 + 4
87	84 + 3
87	85 + 2
87	86 + 1
87	87 + 0
88	1 + 87
88	2 + 86
88	3 + 85
88	4 + 84
88	5 + 83
88	6 + 82
88	7 + 81
88	8 + 80
88	9 + 79
88	10 + 78
88	11 + 77
88	12 + 76
88	13 + 75
88	14 + 74
88	15 + 73
88	16 + 72
88	17 + 71
88	18 + 70
88	19 + 69
88	20 + 68
88	21 + 67
88	22 + 66
88	23 + 65
88	24 + 64
88	25 + 63
88	26 + 62
88	27 + 61
88	28 + 60
88	29 + 59
88	30 + 58
88	31 + 57
88	32 + 56
88	33 + 55
88	34 + 54
88	35 + 53
88	36 + 52
88	37 + 51
88	38 + 50
88	39 + 49
88	40 + 48
88	41 + 47
88	42 + 46
88	43 + 45
88	44 + 44
88	45 + 43
88	46 + 42
88	47 + 41
88	48 + 40
88	49 + 39
88	50 + 38
88	51 + 37
88	52 + 36
88	53 + 35
88	54 + 34
88	55 + 33
88	56 + 32
88	57 + 31
88	58 + 30
88	59 + 29
88	60 + 28
88	61 + 27
88	62 + 26
88	63 + 25
88	64 + 24
88	65 + 23
88	66 + 22
88	67 + 21
88	68 + 20
88	69 + 19
88	70 + 18
88	71 + 17
88	72 + 16
88	73 + 15
88	74 + 14
88	75 + 13
88	76 + 12
88	77 + 11
88	78 + 10
88	79 + 9
88	80 + 8
88	81 + 7
88	82 + 6
88	83 + 5
88	84 + 4
88	85 + 3
88	86 + 2
88	87 + 1
88	88 + 0
89	1 + 88
89	2 + 87
89	3 + 86
89	4 + 85
89	5 + 84
89	6 + 83
89	7 + 82
89	8 + 81
89	9 + 80
89	10 + 79
89	11 + 78
89	12 + 77
89	13 + 76
89	14 + 75
89	15 + 74
89	16 + 73
89	17 + 72
89	18 + 71
89	19 + 70
89	20 + 69
89	21 + 68
89	22 + 67
89	23 + 66
89	24 + 65
89	25 + 64
89	26 + 63
89	27 + 62
89	28 + 61
89	29 + 60
89	30 + 59
89	31 + 58
89	32 + 57
89	33 + 56
89	34 + 55
89	35 + 54
89	36 + 53
89	37 + 52
89	38 + 51
89	39 + 50
89	40 + 49
89	41 + 48
89	42 + 47
89	43 + 46
89	44 + 45
89	45 + 44
89	46 + 43
89	47 + 42
89	48 + 41
89	49 + 40
89	50 + 39
89	51 + 38
89	52 + 37
89	53 + 36
89	54 + 35
89	55 + 34
89	56 + 33
89	57 + 32
89	58 + 31
89	59 + 30
89	60 + 29
89	61 + 28
89	62 + 27
89	63 + 26
89	64 + 25
89	65 + 24
89	66 + 23
89	67 + 22
89	68 + 21
89	69 + 20
89	70 + 19
89	71 + 18
89	72 + 17
89	73 + 16
89	74 + 15
89	75 + 14
89	76 + 13
89	77 + 12
89	78 + 11
89	79 + 10
89	80 + 9
89	81 + 8
89	82 + 7
89	83 + 6
89	84 + 5
89	85 + 4
89	86 + 3
89	87 + 2
89	88 + 1
89	89 + 0
90	1 + 89
90	2 + 88
90	3 + 87
90	4 + 86
90	5 + 85
90	6 + 84
90	7 + 83
90	8 + 82
90	9 + 81
90	10 + 80
90	11 + 79
90	12 + 78
90	13 + 77
90	14 + 76
90	15 + 75
90	16 + 74
90	17 + 73
90	18 + 72
90	19 + 71
90	20 + 70
90	21 + 69
90	22 + 68
90	23 + 67
90	24 + 66
90	25 + 65
90	26 + 64
90	27 + 63
90	28 + 62
90	29 + 61
90	30 + 60
90	31 + 59
90	32 + 58
90	33 + 57
90	34 + 56
90	35 + 55
90	36 + 54
90	37 + 53
90	38 + 52
90	39 + 51
90	40 + 50
90	41 + 49
90	42 + 48
90	43 + 47
90	44 + 46
90	45 + 45
90	46 + 44
90	47 + 43
90	48 + 42
90	49 + 41
90	50 + 40
90	51 + 39
90	52 + 38
90	53 + 37
90	54 + 36
90	55 + 35
90	56 + 34
90	57 + 33
90	58 + 32
90	59 + 31
90	60 + 30
90	61 + 29
90	62 + 28
90	63 + 27
90	64 + 26
90	65 + 25
90	66 + 24
90	67 + 23
90	68 + 22
90	69 + 21
90	70 + 20
90	71 + 19
90	72 + 18
90	73 + 17
90	74 + 16
90	75 + 15
90	76 + 14
90	77 + 13
90	78 + 12
90	79 + 11
90	80 + 10
90	81 + 9
90	82 + 8
90	83 + 7
90	84 + 6
90	85 + 5
90	86 + 4
90	87 + 3
90	88 + 2
90	89 + 1
90	90 + 0
91	1 + 90
91	2 + 89
91	3 + 88
91	4 + 87
91	5 + 86
91	6 + 85
91	7 + 84
91	8 + 83
91	9 + 82
91	10 + 81
91	11 + 80
91	12 + 79
91	13 + 78
91	14 + 77
91	15 + 76
91	16 + 75
91	17 + 74
91	18 + 73
91	19 + 72
91	20 + 71
91	21 + 70
91	22 + 69
91	23 + 68
91	24 + 67
91	25 + 66
91	26 + 65
91	27 + 64
91	28 + 63
91	29 + 62
91	30 + 61
91	31 + 60
91	32 + 59
91	33 + 58
91	34 + 57
91	35 + 56
91	36 + 55
91	37 + 54
91	38 + 53
91	39 + 52
91	40 + 51
91	41 + 50
91	42 + 49
91	43 + 48
91	44 + 47
91	45 + 46
91	46 + 45
91	47 + 44
91	48 + 43
91	49 + 42
91	50 + 41
91	51 + 40
91	52 + 39
91	53 + 38
91	54 + 37
91	55 + 36
91	56 + 35
91	57 + 34
91	58 + 33
91	59 + 32
91	60 + 31
91	61 + 30
91	62 + 29
91	63 + 28
91	64 + 27
91	65 + 26
91	66 + 25
91	67 + 24
91	68 + 23
91	69 + 22
91	70 + 21
91	71 + 20
91	72 + 19
91	73 + 18
91	74 + 17
91	75 + 16
91	76 + 15
91	77 + 14
91	78 + 13
91	79 + 12
91	80 + 11
91	81 + 10
91	82 + 9
91	83 + 8
91	84 + 7
91	85 + 6
91	86 + 5
91	87 + 4
91	88 + 3
91	89 + 2
91	90 + 1
91	91 + 0
92	1 + 91
92	2 + 90
92	3 + 89
92	4 + 88
92	5 + 87
92	6 + 86
92	7 + 85
92	8 + 84
92	9 + 83
92	10 + 82
92	11 + 81
92	12 + 80
92	13 + 79
92	14 + 78
92	15 + 77
92	16 + 76
92	17 + 75
92	18 + 74
92	19 + 73
92	20 + 72
92	21 + 71
92	22 + 70
92	23 + 69
92	24 + 68
92	25 + 67
92	26 + 66
92	27 + 65
92	28 + 64
92	29 + 63
92	30 + 62
92	31 + 61
92	32 + 60
92	33 + 59
92	34 + 58
92	35 + 57
92	36 + 56
92	37 + 55
92	38 + 54
92	39 + 53
92	40 + 52
92	41 + 51
92	42 + 50
92	43 + 49
92	44 + 48
92	45 + 47
92	46 + 46
92	47 + 45
92	48 + 44
92	49 + 43
92	50 + 42
92	51 + 41
92	52 + 40
92	53 + 39
92	54 + 38
92	55 + 37
92	56 + 36
92	57 + 35
92	58 + 34
92	59 + 33
92	60 + 32
92	61 + 31
92	62 + 30
92	63 + 29
92	64 + 28
92	65 + 27
92	66 + 26
92	67 + 25
92	68 + 24
92	69 + 23
92	70 + 22
92	71 + 21
92	72 + 20
92	73 + 19
92	74 + 18
92	75 + 17
92	76 + 16
92	77 + 15
92	78 + 14
92	79 + 13
92	80 + 12
92	81 + 11
92	82 + 10
92	83 + 9
92	84 + 8
92	85 + 7
92	86 + 6
92	87 + 5
92	88 + 4
92	89 + 3
92	90 + 2
92	91 + 1
92	92 + 0
93	1 + 92
93	2 + 91
93	3 + 90
93	4 + 89
93	5 + 88
93	6 + 87
93	7 + 86
93	8 + 85
93	9 + 84
93	10 + 83
93	11 + 82
93	12 + 81
93	13 + 80
93	14 + 79
93	15 + 78
93	16 + 77
93	17 + 76
93	18 + 75
93	19 + 74
93	20 + 73
93	21 + 72
93	22 + 71
93	23 + 70
93	24 + 69
93	25 + 68
93	26 + 67
93	27 + 66
93	28 + 65
93	29 + 64
93	30 + 63
93	31 + 62
93	32 + 61
93	33 + 60
93	34 + 59
93	35 + 58
93	36 + 57
93	37 + 56
93	38 + 55
93	39 + 54
93	40 + 53
93	41 + 52
93	42 + 51
93	43 + 50
93	44 + 49
93	45 + 48
93	46 + 47
93	47 + 46
93	48 + 45
93	49 + 44
93	50 + 43
93	51 + 42
93	52 + 41
93	53 + 40
93	54 + 39
93	55 + 38
93	56 + 37
93	57 + 36
93	58 + 35
93	59 + 34
93	60 + 33
93	61 + 32
93	62 + 31
93	63 + 30
93	64 + 29
93	65 + 28
93	66 + 27
93	67 + 26
93	68 + 25
93	69 + 24
93	70 + 23
93	71 + 22
93	72 + 21
93	73 + 20
93	74 + 19
93	75 + 18
93	76 + 17
93	77 + 16
93	78 + 15
93	79 + 14
93	80 + 13
93	81 + 12
93	82 + 11
93	83 + 10
93	84 + 9
93	85 + 8
93	86 + 7
93	87 + 6
93	88 + 5
93	89 + 4
93	90 + 3
93	91 + 2
93	92 + 1
93	93 + 0
94	1 + 93
94	2 + 92
94	3 + 91
94	4 + 90
94	5 + 89
94	6 + 88
94	7 + 87
94	8 + 86
94	9 + 85
94	10 + 84
94	11 + 83
94	12 + 82
94	13 + 81
94	14 + 80
94	15 + 79
94	16 + 78
94	17 + 77
94	18 + 76
94	19 + 75
94	20 + 74
94	21 + 73
94	22 + 72
94	23 + 71
94	24 + 70
94	25 + 69
94	26 + 68
94	27 + 67
94	28 + 66
94	29 + 65
94	30 + 64
94	31 + 63
94	32 + 62
94	33 + 61
94	34 + 60
94	35 + 59
94	36 + 58
94	37 + 57
94	38 + 56
94	39 + 55
94	40 + 54
94	41 + 53
94	42 + 52
94	43 + 51
94	44 + 50
94	45 + 49
94	46 + 48
94	47 + 47
94	48 + 46
94	49 + 45
94	50 + 44
94	51 + 43
94	52 + 42
94	53 + 41
94	54 + 40
94	55 + 39
94	56 + 38
94	57 + 37
94	58 + 36
94	59 + 35
94	60 + 34
94	61 + 33
94	62 + 32
94	63 + 31
94	64 + 30
94	65 + 29
94	66 + 28
94	67 + 27
94	68 + 26
94	69 + 25
94	70 + 24
94	71 + 23
94	72 + 22
94	73 + 21
94	74 + 20
94	75 + 19
94	76 + 18
94	77 + 17
94	78 + 16
94	79 + 15
94	80 + 14
94	81 + 13
94	82 + 12
94	83 + 11
94	84 + 10
94	85 + 9
94	86 + 8
94	87 + 7
94	88 + 6
94	89 + 5
94	90 + 4
94	91 + 3
94	92 + 2
94	93 + 1
94	94 + 0
95	1 + 94
95	2 + 93
95	3 + 92
95	4 + 91
95	5 + 90
95	6 + 89
95	7 + 88
95	8 + 87
95	9 + 86
95	10 + 85
95	11 + 84
95	12 + 83
95	13 + 82
95	14 + 81
95	15 + 80
95	16 + 79
95	17 + 78
95	18 + 77
95	19 + 76
95	20 + 75
95	21 + 74
95	22 + 73
95	23 + 72
95	24 + 71
95	25 + 70
95	26 + 69
95	27 + 68
95	28 + 67
95	29 + 66
95	30 + 65
95	31 + 64
95	32 + 63
95	33 + 62
95	34 + 61
95	35 + 60
95	36 + 59
95	37 + 58
95	38 + 57
95	39 + 56
95	40 + 55
95	41 + 54
95	42 + 53
95	43 + 52
95	44 + 51
95	45 + 50
95	46 + 49
95	47 + 48
95	48 + 47
95	49 + 46
95	50 + 45
95	51 + 44
95	52 + 43
95	53 + 42
95	54 + 41
95	55 + 40
95	56 + 39
95	57 + 38
95	58 + 37
95	59 + 36
95	60 + 35
95	61 + 34
95	62 + 33
95	63 + 32
95	64 + 31
95	65 + 30
95	66 + 29
95	67 + 28
95	68 + 27
95	69 + 26
95	70 + 25
95	71 + 24
95	72 + 23
95	73 + 22
95	74 + 21
95	75 + 20
95	76 + 19
95	77 + 18
95	78 + 17
95	79 + 16
95	80 + 15
95	81 + 14
95	82 + 13
95	83 + 12
95	84 + 11
95	85 + 10
95	86 + 9
95	87 + 8
95	88 + 7
95	89 + 6
95	90 + 5
95	91 + 4
95	92 + 3
95	93 + 2
95	94 + 1
95	95 + 0
96	1 + 95
96	2 + 94
96	3 + 93
96	4 + 92
96	5 + 91
96	6 + 90
96	7 + 89
96	8 + 88
96	9 + 87
96	10 + 86
96	11 + 85
96	12 + 84
96	13 + 83
96	14 + 82
96	15 + 81
96	16 + 80
96	17 + 79
96	18 + 78
96	19 + 77
96	20 + 76
96	21 + 75
96	22 + 74
96	23 + 73
96	24 + 72
96	25 + 71
96	26 + 70
96	27 + 69
96	28 + 68
96	29 + 67
96	30 + 66
96	31 + 65
96	32 + 64
96	33 + 63
96	34 + 62
96	35 + 61
96	36 + 60
96	37 + 59
96	38 + 58
96	39 + 57
96	40 + 56
96	41 + 55
96	42 + 54
96	43 + 53
96	44 + 52
96	45 + 51
96	46 + 50
96	47 + 49
96	48 + 48
96	49 + 47
96	50 + 46
96	51 + 45
96	52 + 44
96	53 + 43
96	54 + 42
96	55 + 41
96	56 + 40
96	57 + 39
96	58 + 38
96	59 + 37
96	60 + 36
96	61 + 35
96	62 + 34
96	63 + 33
96	64 + 32
96	65 + 31
96	66 + 30
96	67 + 29
96	68 + 28
96	69 + 27
96	70 + 26
96	71 + 25
96	72 + 24
96	73 + 23
96	74 + 22
96	75 + 21
96	76 + 20
96	77 + 19
96	78 + 18
96	79 + 17
96	80 + 16
96	81 + 15
96	82 + 14
96	83 + 13
96	84 + 12
96	85 + 11
96	86 + 10
96	87 + 9
96	88 + 8
96	89 + 7
96	90 + 6
96	91 + 5
96	92 + 4
96	93 + 3
96	94 + 2
96	95 + 1
96	96 + 0
97	1 + 96
97	2 + 95
97	3 + 94
97	4 + 93
97	5 + 92
97	6 + 91
97	7 + 90
97	8 + 89
97	9 + 88
97	10 + 87
97	11 + 86
97	12 + 85
97	13 + 84
97	14 + 83
97	15 + 82
97	16 + 81
97	17 + 80
97	18 + 79
97	19 + 78
97	20 + 77
97	21 + 76
97	22 + 75
97	23 + 74
97	24 + 73
97	25 + 72
97	26 + 71
97	27 + 70
97	28 + 69
97	29 + 68
97	30 + 67
97	31 + 66
97	32 + 65
97	33 + 64
97	34 + 63
97	35 + 62
97	36 + 61
97	37 + 60
97	38 + 59
97	39 + 58
97	40 + 57
97	41 + 56
97	42 + 55
97	43 + 54
97	44 + 53
97	45 + 52
97	46 + 51
97	47 + 50
97	48 + 49
97	49 + 48
97	50 + 47
97	51 + 46
97	52 + 45
97	53 + 44
97	54 + 43
97	55 + 42
97	56 + 41
97	57 + 40
97	58 + 39
97	59 + 38
97	60 + 37
97	61 + 36
97	62 + 35
97	63 + 34
97	64 + 33
97	65 + 32
97	66 + 31
97	67 + 30
97	68 + 29
97	69 + 28
97	70 + 27
97	71 + 26
97	72 + 25
97	73 + 24
97	74 + 23
97	75 + 22
97	76 + 21
97	77 + 20
97	78 + 19
97	79 + 18
97	80 + 17
97	81 + 16
97	82 + 15
97	83 + 14
97	84 + 13
97	85 + 12
97	86 + 11
97	87 + 10
97	88 + 9
97	89 + 8
97	90 + 7
97	91 + 6
97	92 + 5
97	93 + 4
97	94 + 3
97	95 + 2
97	96 + 1
97	97 + 0
98	1 + 97
98	2 + 96
98	3 + 95
98	4 + 94
98	5 + 93
98	6 + 92
98	7 + 91
98	8 + 90
98	9 + 89
98	10 + 88
98	11 + 87
98	12 + 86
98	13 + 85
98	14 + 84
98	15 + 83
98	16 + 82
98	17 + 81
98	18 + 80
98	19 + 79
98	20 + 78
98	21 + 77
98	22 + 76
98	23 + 75
98	24 + 74
98	25 + 73
98	26 + 72
98	27 + 71
98	28 + 70
98	29 + 69
98	30 + 68
98	31 + 67
98	32 + 66
98	33 + 65
98	34 + 64
98	35 + 63
98	36 + 62
98	37 + 61
98	38 + 60
98	39 + 59
98	40 + 58
98	41 + 57
98	42 + 56
98	43 + 55
98	44 + 54
98	45 + 53
98	46 + 52
98	47 + 51
98	48 + 50
98	49 + 49
98	50 + 48
98	51 + 47
98	52 + 46
98	53 + 45
98	54 + 44
98	55 + 43
98	56 + 42
98	57 + 41
98	58 + 40
98	59 + 39
98	60 + 38
98	61 + 37
98	62 + 36
98	63 + 35
98	64 + 34
98	65 + 33
98	66 + 32
98	67 + 31
98	68 + 30
98	69 + 29
98	70 + 28
98	71 + 27
98	72 + 26
98	73 + 25
98	74 + 24
98	75 + 23
98	76 + 22
98	77 + 21
98	78 + 20
98	79 + 19
98	80 + 18
98	81 + 17
98	82 + 16
98	83 + 15
98	84 + 14
98	85 + 13
98	86 + 12
98	87 + 11
98	88 + 10
98	89 + 9
98	90 + 8
98	91 + 7
98	92 + 6
98	93 + 5
98	94 + 4
98	95 + 3
98	96 + 2
98	97 + 1
98	98 + 0
99	1 + 98
99	2 + 97
99	3 + 96
99	4 + 95
99	5 + 94
99	6 + 93
99	7 + 92
99	8 + 91
99	9 + 90
99	10 + 89
99	11 + 88
99	12 + 87
99	13 + 86
99	14 + 85
99	15 + 84
99	16 + 83
99	17 + 82
99	18 + 81
99	19 + 80
99	20 + 79
99	21 + 78
99	22 + 77
99	23 + 76
99	24 + 75
99	25 + 74
99	26 + 73
99	27 + 72
99	28 + 71
99	29 + 70
99	30 + 69
99	31 + 68
99	32 + 67
99	33 + 66
99	34 + 65
99	35 + 64
99	36 + 63
99	37 + 62
99	38 + 61
99	39 + 60
99	40 + 59
99	41 + 58
99	42 + 57
99	43 + 56
99	44 + 55
99	45 + 54
99	46 + 53
99	47 + 52
99	48 + 51
99	49 + 50
99	50 + 49
99	51 + 48
99	52 + 47
99	53 + 46
99	54 + 45
99	55 + 44
99	56 + 43
99	57 + 42
99	58 + 41
99	59 + 40
99	60 + 39
99	61 + 38
99	62 + 37
99	63 + 36
99	64 + 35
99	65 + 34
99	66 + 33
99	67 + 32
99	68 + 31
99	69 + 30
99	70 + 29
99	71 + 28
99	72 + 27
99	73 + 26
99	74 + 25
99	75 + 24
99	76 + 23
99	77 + 22
99	78 + 21
99	79 + 20
99	80 + 19
99	81 + 18
99	82 + 17
99	83 + 16
99	84 + 15
99	85 + 14
99	86 + 13
99	87 + 12
99	88 + 11
99	89 + 10
99	90 + 9
99	91 + 8
99	92 + 7
99	93 + 6
99	94 + 5
99	95 + 4
99	96 + 3
99	97 + 2
99	98 + 1
99	99 + 0
